1	77,66,61,62,70,71,69,71,75,82,90,94,88,75,57,47,33,31,25,21,16,16,18,16
1	53,55,58,53,43,36,35,42,55,64,65,59,52,44,47,41,43,40,42,35,28,20,18,16
1	36,36,32,33,38,45,38,45,45,76,84,96,92,87,64,33,21,22,20,15,7,12,9,11
1	56,52,41,46,49,52,43,43,48,48,40,30,30,33,36,37,35,36,43,46,42,30,22,17
1	48,48,43,38,37,36,37,34,37,46,64,77,83,75,68,69,64,65,59,66,71,66,57,48
1	71,68,65,63,63,62,57,55,65,70,79,75,75,64,59,68,78,86,80,74,66,60,49,44
1	36,40,33,32,33,40,37,34,39,53,60,65,57,50,52,51,43,24,20,28,35,40,30,36
1	62,57,52,53,61,62,62,65,73,82,83,88,83,81,73,71,69,71,66,55,49,42,49,43
2	14,14,19,18,16,7,6,12,18,30,26,28,31,32,35,37,41,43,42,50,53,54,57,62
2	14,14,12,7,1,0,4,6,12,16,15,0,52,38,30,29,27,29,24,24,21,19,19,23
2	16,15,17,16,16,13,5,10,14,30,30,25,4,22,23,30,33,40,43,45,37,34,38,43
2	2,3,7,3,7,5,10,7,13,16,14,8,5,13,20,30,30,33,28,29,33,26,23,12
2	10,7,3,0,3,7,5,1,0,0,0,0,0,0,4,12,13,10,12,14,21,19,15,8
2	17,11,8,2,3,1,0,2,5,10,8,10,23,26,23,13,11,16,18,23,23,15,16,12
2	17,9,12,6,7,2,0,0,0,0,2,7,8,13,11,15,12,20,23,21,13,7,11,12
2	6,0,1,9,9,10,7,12,12,10,17,23,26,27,28,33,31,35,30,33,23,16,8,8
3	42,33,25,18,13,9,12,20,28,33,33,43,52,55,57,60,66,77,76,76,77,74,82,75
3	50,53,48,43,38,40,38,47,49,59,55,53,39,29,28,38,51,55,53,55,54,61,55,61
3	63,61,59,58,56,52,39,33,34,40,30,33,49,66,76,75,73,60,58,67,83,88,87,80
3	61,47,46,55,49,39,29,31,29,19,12,14,30,49,57,55,57,56,64,72,73,75,68,68
3	36,46,51,43,33,27,36,36,43,29,29,26,32,31,42,0,73,73,80,82,86,70,74,66
3	46,37,30,31,31,38,42,46,46,36,33,33,37,34,33,33,34,39,48,50,47,45,43,39
3	37,41,43,43,27,22,26,34,39,37,51,53,61,56,48,43,37,43,43,48,54,51,46,35
3	38,33,31,24,20,19,22,31,31,45,48,49,38,39,43,46,43,36,33,29,37,34,39,33
3	35,34,37,30,25,25,22,21,18,20,14,12,21,31,44,46,52,44,39,37,43,43,42,39
3	7,9,13,18,11,12,17,29,34,39,41,46,46,44,43,39,41,46,47,48,47,47,43,33
3	59,40,34,25,27,29,26,33,42,47,38,24,14,8,17,30,51,62,68,83,83,96,103,110
3	48,42,42,34,34,28,34,35,45,47,54,46,35,19,16,21,24,28,37,52,60,62,64,61
3	60,56,53,43,53,53,52,44,44,50,49,51,45,42,40,38,36,43,51,63,68,72,66,58
3	21,22,26,23,20,18,15,21,21,25,29,32,34,29,32,39,51,51,47,43,43,48,47,53
4	17,15,13,15,14,14,9,8,10,12,12,8,7,12,16,25,24,24,14,10,5,3,7,6
4	15,12,18,25,25,25,25,32,37,39,45,47,49,45,36,30,21,24,23,27,24,19,10,15
4	117,110,97,68,47,39,34,27,22,15,14,0,23,18,16,12,10,6,5,9,15,21,23,15
4	23,27,25,22,17,17,16,23,26,31,28,20,17,22,27,25,23,13,5,3,2,2,2,10
